%YAML:1.0
---
Camera Matrix: !!opencv-matrix
   rows: 3
   cols: 3
   dt: f
   data: [ 9.39955261e+02, 0., 6.37574585e+02, 0., 9.40536072e+02,
       3.54758453e+02, 0., 0., 1. ]
Distortion: !!opencv-matrix
   rows: 1
   cols: 5
   dt: f
   data: [ -4.95842397e-01, 2.62050509e-01, -6.80848351e-03,
       -6.24081586e-04, -7.25711063e-02 ]
Resolution: !!opencv-matrix
    rows: 2
    cols: 1
    dt: d
    data: [1280, 720]

